Matrix A:
 10.000000   7.000000   8.000000   7.000000 
  7.000000   5.000000   6.000000   5.000000 
  8.000000   6.000000  10.000000   9.000000 
  7.000000   5.000000   9.000000  10.000000 

Vector b:
 32.000000
 23.000000
 33.000000
 31.000000

Determinant of A = 1.000000

Inverse of A:
 25.000000 -41.000000  10.000000  -6.000000 
-41.000000  68.000000 -17.000000  10.000000 
 10.000000 -17.000000   5.000000  -3.000000 
 -6.000000  10.000000  -3.000000   2.000000 

Solution of Ax = b:
x1 = 1.000000
x2 = 1.000000
x3 = 1.000000
x4 = 1.000000
