Solution of A x = b~

x1 = 9.200000
x2 = -12.600000
x3 = 4.500000
x4 = -1.100000
