Solution of A~ x = b~

x1 = 1.602962
x2 = -0.146519
x3 = 1.595300
x4 = 0.579734
